walk,19482,6414,863
walk,19481,6397,856
walk,19481,6384,856
walk,19482,6370,856
walk,19469,6361,856
walk,19455,6354,856
walk,19444,6345,856
walk,19439,6329,856
walk,19440,6317,856
walk,19447,6305,856
walk,19460,6290,856
walk,19474,6285,856
walk,19492,6285,856
walk,19510,6295,856
walk,19518,6310,856
walk,19520,6330,856
walk,19513,6346,856
walk,19501,6359,856
walk,19481,6364,856
walk,19467,6355,856
walk,19455,6340,856
walk,19443,6324,856
walk,19435,6308,856
walk,19425,6302,856
walk,19423,6299,863
walk,19419,6297,895
walk,19414,6295,895
walk,19408,6293,895
walk,19401,6290,874
walk,19397,6288,858
walk,19392,6287,858
walk,19387,6287,858
walk,19381,6287,858
walk,19376,6287,858
walk,19372,6287,858
walk,19366,6287,858
walk,19361,6287,858
walk,19357,6287,858
walk,19351,6286,858
walk,19347,6285,877
walk,19341,6286,877
walk,19336,6286,877
walk,19331,6286,883
walk,19325,6286,883
walk,19324,6278,883
walk,19324,6271,877
walk,19324,6265,877
walk,19325,6262,877
walk,19324,6257,858
walk,19324,6251,858
walk,19323,6244,858
walk,19323,6239,858
walk,19328,6236,858
walk,19333,6236,858
walk,19338,6236,858
walk,19344,6235,858
walk,19349,6235,858
walk,19355,6235,858
walk,19360,6235,858
walk,19363,6235,858
walk,19367,6236,858
walk,19371,6236,858
walk,19375,6236,858
walk,19378,6236,872
walk,19382,6237,877
walk,19387,6240,877
walk,19391,6241,882
walk,19397,6242,883
walk,19402,6243,883
walk,19407,6242,883
walk,19406,6235,883
walk,19404,6229,883
walk,19398,6228,882
walk,19390,6230,877
walk,19387,6233,877
walk,19381,6236,877
walk,19374,6237,858
walk,19368,6236,858
walk,19361,6236,858
walk,19355,6236,858
walk,19348,6236,858
walk,19341,6235,858
walk,19335,6235,858
walk,19329,6233,858
walk,19327,6227,858
walk,19327,6221,858
walk,19327,6215,868
walk,19327,6210,887
walk,19327,6201,895
walk,19326,6195,895
walk,19326,6184,856
walk,19326,6181,856
walk,19325,6175,856
walk,19325,6171,856
walk,19325,6168,856
walk,19324,6164,856
walk,19324,6160,856
walk,19323,6154,856
walk,19323,6151,856
walk,19323,6146,856
walk,19322,6138,856
walk,19322,6131,856
walk,19323,6127,856
walk,19323,6120,856
walk,19323,6116,856
walk,19323,6111,856
walk,19323,6107,856
walk,19323,6103,856
walk,19323,6099,856
walk,19323,6094,856
walk,19323,6089,856
walk,19323,6085,856
walk,19324,6079,856
walk,19324,6075,856
walk,19323,6071,856
walk,19323,6063,856
walk,19323,6057,856
walk,19323,6053,856
walk,19324,6048,856
walk,19323,6044,856
walk,19323,6037,856
walk,19320,6033,856
walk,19315,6030,856
walk,19312,6028,856
walk,19308,6026,856
walk,19303,6023,856
walk,19299,6022,856
walk,19296,6021,856
walk,19290,6020,856
walk,19284,6020,856
walk,19279,6021,856
walk,19274,6023,856
walk,19268,6025,856
walk,19264,6028,856
walk,19260,6032,856
walk,19259,6036,856
walk,19257,6044,856
walk,19259,6047,856
walk,19259,6053,856
walk,19259,6057,856
walk,19259,6064,856
walk,19259,6069,856
walk,19259,6074,856
walk,19259,6081,856
walk,19259,6085,856
walk,19259,6091,856
walk,19259,6099,856
walk,19259,6106,856
walk,19259,6109,856
walk,19259,6115,856
walk,19259,6119,856
walk,19259,6126,856
walk,19258,6129,856
walk,19259,6134,856
walk,19259,6139,856
walk,19259,6144,856
walk,19259,6150,856
walk,19259,6155,856
walk,19259,6159,856
walk,19259,6166,856
walk,19259,6170,856
walk,19259,6176,856
walk,19259,6185,856
walk,19259,6191,856
walk,19259,6197,856
walk,19259,6203,856
walk,19259,6208,856
walk,19259,6213,856
walk,19259,6219,856
walk,19259,6225,856
walk,19259,6230,856
walk,19260,6243,856
walk,19260,6250,856
walk,19260,6257,856
walk,19260,6262,856
walk,19260,6267,856
walk,19260,6273,856
walk,19261,6279,856
walk,19261,6284,856
walk,19261,6290,856
walk,19261,6295,856
walk,19262,6300,856
walk,19261,6307,856
walk,19262,6313,856
walk,19262,6322,856
walk,19263,6327,856
walk,19264,6332,856
walk,19266,6337,856
walk,19270,6341,856
walk,19274,6346,856
walk,19279,6349,856
walk,19285,6354,856
walk,19290,6357,856
walk,19296,6359,856
walk,19300,6361,856
walk,19305,6363,856
walk,19311,6365,856
walk,19316,6365,856
walk,19321,6366,856
walk,19326,6368,856
walk,19334,6370,856
walk,19339,6372,856
walk,19345,6374,856
walk,19350,6377,856
walk,19355,6380,856
walk,19359,6382,856
walk,19364,6385,856
walk,19369,6388,856
walk,19373,6392,856
walk,19376,6398,856
walk,19381,6404,856
walk,19385,6411,856
walk,19389,6416,856
walk,19394,6412,856
walk,19397,6405,856
walk,19394,6399,856
walk,19393,6392,856
walk,19395,6385,856
walk,19397,6378,856
walk,19399,6374,856
walk,19405,6370,892
walk,19412,6366,895
walk,19417,6362,895
walk,19426,6357,856
walk,19435,6351,856
walk,19436,6340,856
walk,19438,6328,856
walk,19441,6317,856
walk,19447,6305,856
walk,19452,6298,856
walk,19460,6291,856
walk,19472,6287,856
walk,19481,6287,856
walk,19488,6287,856
walk,19498,6291,856
walk,19505,6296,856
walk,19512,6301,856
walk,19517,6309,856
walk,19523,6318,856
walk,19522,6325,856
walk,19520,6334,856
walk,19514,6346,856
walk,19510,6356,856
walk,19496,6362,856
walk,19483,6364,856
walk,19469,6361,856
walk,19458,6359,856
walk,19450,6345,856
walk,19448,6325,856
walk,19454,6306,856
walk,19472,6296,856
walk,19491,6295,856
walk,19509,6297,856
walk,19528,6300,856
walk,19539,6299,856
walk,19544,6298,876
walk,19548,6296,895
walk,19553,6293,895
walk,19557,6289,895
walk,19565,6290,874
walk,19571,6289,858
walk,19578,6288,858
walk,19585,6288,858
walk,19590,6287,858
walk,19597,6285,858
walk,19605,6284,858
walk,19611,6284,858
walk,19618,6284,877
walk,19625,6285,877
walk,19633,6285,883
walk,19639,6282,883
walk,19642,6279,883
walk,19641,6271,877
walk,19641,6258,858
walk,19642,6246,858
walk,19641,6239,858
walk,19634,6237,858
walk,19626,6237,858
walk,19616,6237,858
walk,19604,6238,858
walk,19592,6237,858
walk,19583,6239,877
walk,19574,6241,880
walk,19563,6241,883
walk,19559,6234,883
walk,19567,6232,883
walk,19576,6231,877
walk,19585,6232,877
walk,19595,6232,858
walk,19604,6232,858
walk,19615,6232,858
walk,19625,6232,858
walk,19633,6232,858
walk,19637,6226,858
walk,19638,6217,858
walk,19638,6210,889
walk,19638,6199,895
walk,19638,6187,856
walk,19638,6176,856
walk,19639,6167,856
walk,19639,6160,856
walk,19638,6153,856
walk,19638,6146,856
walk,19641,6126,856
walk,19642,6117,856
walk,19642,6102,856
walk,19643,6083,856
walk,19644,6072,856
walk,19644,6066,856
walk,19644,6060,856
walk,19643,6051,856
walk,19647,6040,856
walk,19658,6030,856
walk,19667,6025,856
walk,19675,6023,856
walk,19681,6023,856
walk,19688,6024,856
walk,19693,6030,856
walk,19699,6041,856
walk,19700,6055,856
/chat,Hello
walk,19700,6068,856
walk,19700,6084,856
walk,19699,6101,856
walk,19700,6113,856
walk,19700,6127,855
walk,19700,6139,856
walk,19701,6154,856
walk,19700,6166,856
walk,19700,6178,856
walk,19700,6190,856
walk,19700,6201,856
walk,19700,6218,856
walk,19700,6233,856
walk,19700,6242,856
walk,19700,6251,856
walk,19700,6256,856
walk,19700,6263,856
walk,19700,6270,856
walk,19699,6284,856
walk,19699,6302,855
walk,19699,6307,855
walk,19700,6315,855
walk,19699,6324,855
walk,19696,6337,856
walk,19684,6350,856
walk,19678,6355,856
walk,19670,6360,856
walk,19661,6363,856
walk,19650,6370,856
walk,19635,6373,856
walk,19621,6378,856
walk,19608,6383,856
walk,19596,6389,856
walk,19591,6394,856
walk,19585,6403,856
walk,19579,6409,856
walk,19574,6396,856
walk,19570,6383,856
walk,19566,6373,856
walk,19560,6370,893
walk,19550,6364,895
walk,19541,6360,856
walk,19529,6354,856
walk,19516,6354,856
walk,19508,6357,856
walk,19499,6361,856
walk,19490,6364,856
walk,19478,6363,856
walk,19465,6358,856
walk,19456,6350,856
walk,19448,6340,856
walk,19443,6329,856
walk,19441,6317,856
walk,19447,6306,856
walk,19452,6296,856
walk,19462,6291,856
walk,19473,6290,856
walk,19484,6295,856
walk,19492,6301,856
walk,19505,6307,855
walk,19512,6298,856
walk,19500,6284,856
walk,19491,6270,856
walk,19484,6257,856
walk,19484,6246,856
walk,19486,6236,865
walk,19490,6230,902
walk,19495,6221,966
walk,19494,6211,1027
walk,19493,6204,1079
walk,19493,6198,1113
walk,19493,6189,1115
walk,19493,6182,1115
walk,19497,6177,1115
walk,19502,6174,1115
walk,19508,6174,1115
walk,19515,6174,1115
walk,19522,6175,1115
walk,19533,6174,1115
walk,19543,6171,1115
walk,19549,6163,1115
walk,19546,6151,1115
walk,19548,6144,1115
walk,19558,6143,1115
walk,19568,6155,1115
walk,19572,6163,1115
walk,19578,6150,1115
walk,19581,6137,1115
walk,19583,6122,1115
walk,19585,6109,1115
walk,19585,6098,1115
walk,19585,6088,1115
walk,19586,6081,1115
walk,19585,6072,1115
walk,19585,6060,1115
walk,19584,6048,1115
walk,19584,6036,1115
walk,19583,6028,1115
walk,19575,6020,1115
walk,19576,6009,1115
walk,19570,6003,1115
walk,19559,6001,1115
walk,19547,6001,1115
walk,19540,6008,1115
walk,19536,6021,1115
walk,19535,6031,1115
walk,19534,6041,1115
walk,19534,6054,1115
walk,19534,6064,1115
walk,19533,6075,1115
walk,19533,6086,1115
walk,19533,6097,1115
walk,19533,6108,1115
walk,19533,6119,1115
walk,19533,6131,1115
walk,19534,6143,1115
walk,19533,6154,1115
walk,19534,6164,1115
walk,19530,6174,1115
walk,19520,6177,1115
/chat,false
/chat,r20
walk,19508,6178,1115
/chat,f
walk,19493,6179,1115
/private,r5
/chat,tlp